Iteration: 0 
Joint Vector: [ 6,-2, 4, 1,-2, 1] 
End-Effector: 
[[[-0.237   0.6199  0.7481 -0.2475]
  [-0.4427  0.6165 -0.6511  0.15  ]
  [-0.8648 -0.4855  0.1283  0.2246]
  [ 0.      0.      0.      1.    ]]] 

Iteration: 1
Joint Vector: [ 6.46785791,-2.27641866, 4.20383133, 0.87651822,-3.31877746, 1.28269357]
End-Effector: 
[[ 0.044  0.999  0.017 -0.455]
 [ 0.059  0.015 -0.998 -0.056]
 [-0.997  0.045 -0.058  0.131]
 [ 0.     0.     0.     1.   ]]
Error Twist Vb: [ 0.016 ,-0.0588,-0.0441, 0.0346,-0.0445,-0.1556]
Angular Error Magnitude: 0.07522134005719387
Linear Error Magnitude: 0.16549552864050435

Iteration: 2
Joint Vector: [ 6.10195744,-2.35450846, 4.28042651, 0.54670693,-2.9721722 , 0.89110918]
End-Effector: 
[[-0.023  0.999 -0.048 -0.471]
 [-0.104 -0.05  -0.993  0.115]
 [-0.994 -0.018  0.105  0.107]
 [ 0.     0.     0.     1.   ]]
Error Twist Vb: [-0.0487, 0.1043, 0.0202, 0.0077,-0.0282, 0.0153]
Angular Error Magnitude: 0.11686838751347603
Linear Error Magnitude: 0.032994241921886915

Iteration: 3
Joint Vector: [ 6.14075242,-2.48005407, 4.47879229, 0.99589534,-3.03028577, 1.42178725]
End-Effector: 
[[-0.003  0.999 -0.032 -0.494]
 [-0.016 -0.032 -0.999  0.099]
 [-1.    -0.003  0.016  0.09 ]
 [ 0.     0.     0.     1.   ]]
Error Twist Vb: [-0.0323, 0.0162, 0.0032,-0.0103,-0.0061,-0.0012]
Angular Error Magnitude: 0.03627630080369276
Linear Error Magnitude: 0.012030793822520609

Iteration: 4
Joint Vector: [ 6.1399255 ,-2.48694128, 4.55526845, 1.11478811,-2.99993071, 1.61231606]
End-Effector: 
[[ 0.     1.    -0.002 -0.5  ]
 [ 0.006 -0.002 -1.     0.1  ]
 [-1.     0.    -0.006  0.099]
 [ 0.     0.     0.     1.   ]]
Error Twist Vb: [-0.0017,-0.0059,-0.0004,-0.0013,-0.0005, 0.0002]
Angular Error Magnitude: 0.006153048025166064
Linear Error Magnitude: 0.0014071247279470289

Iteration: 5
Joint Vector: [ 6.14048862,-2.48165848, 4.54393361, 1.07875222,-2.99903971, 1.57025302]
End-Effector: 
[[ 0.   1.  -0.  -0.5]
 [-0.  -0.  -1.   0.1]
 [-1.   0.   0.   0.1]
 [ 0.   0.   0.   1. ]]
Error Twist Vb: [-0.0001, 0.0001,-0.    ,-0.    , 0.    ,-0.    ]
Angular Error Magnitude: 0.0001414213562373095
Linear Error Magnitude: 0.0

